85 153 16053
153 89 14687
153 158 13664
79 85 13072
252 153 12791
8 249 12361
89 153 12171
89 79 11678
158 41 9456
41 252 8452
232 153 7725
153 118 7645
42 153 7570
87 41 7427
153 232 7376
104 122 6402
85 50 6184
41 153 6094
153 79 5920
153 104 5527
104 153 4985
153 87 4570
50 153 4492
89 104 4401
104 41 4333
153 230 4276
155 153 4143
41 60 4135
50 85 4002
118 158 3915
87 89 3887
153 252 3759
79 158 3635
158 89 3628
158 232 3578
153 65 3575
67 130 3529
85 41 3489
79 87 3461
153 67 3370
85 252 3365
66 153 3331
104 50 3194
122 89 3117
159 159 3107
153 198 3092
33 153 3039
65 85 2998
60 153 2889
232 89 2861
158 153 2785
153 131 2767
159 85 2742
158 50 2695
249 8 2688
153 33 2645
242 85 2591
153 60 2561
153 159 2523
131 153 2467
41 254 2460
232 85 2439
104 118 2433
89 85 2414
41 85 2338
158 155 2218
87 232 2166
158 159 2164
159 153 2155
85 158 2143
104 131 2143
85 232 2136
153 41 2127
254 89 2105
41 104 2092
104 104 2080
230 85 1975
252 104 1967
104 89 1936
85 89 1903
104 65 1889
198 104 1881
159 252 1851
87 252 1835
153 50 1827
65 153 1814
153 155 1808
50 104 1786
153 120 1774
87 65 1772
158 87 1767
155 104 1746
232 104 1743
232 158 1725
85 85 1713
94 85 1703
122 41 1701
118 85 1681
89 87 1681
159 104 1664
252 85 1660
159 87 1659
60 104 1645
41 89 1643
131 104 1626
85 159 1625
158 252 1569
122 159 1567
79 104 1550
79 153 1537
46 153 1477
118 79 1449
87 60 1436
122 232 1435
198 94 1433
118 104 1432
159 158 1415
232 79 1406
60 79 1405
198 79 1399
230 104 1396
249 135 1378
50 87 1359
94 153 1335
153 122 1323
135 8 1295
153 85 1288
60 85 1260
85 8 1254
50 158 1227
85 155 1178
85 42 1170
65 158 1151
87 159 1141
198 158 1135
104 159 1132
122 153 1130
120 153 1128
122 50 1125
151 151 1124
118 87 1123
254 232 1113
230 122 1064
252 87 1055
79 89 1050
232 42 1043
153 94 994
122 120 988
89 158 985
252 8 966
155 232 963
85 198 955
158 198 939
120 85 924
30 79 924
89 42 922
104 252 920
50 232 914
252 41 907
85 242 901
50 155 901
249 89 885
85 65 878
66 8 873
89 50 869
118 153 856
65 104 854
89 89 853
249 158 852
130 33 849
41 87 826
65 87 825
85 66 819
89 8 817
94 87 811
198 85 805
89 66 787
50 41 770
87 50 766
87 198 750
232 87 745
158 230 741
66 135 728
118 41 728
104 94 717
158 94 692
252 42 660
153 168 647
155 42 646
50 89 630
41 42 626
158 65 625
87 85 619
122 198 610
232 232 606
120 159 601
87 131 599
50 252 595
230 159 590
41 232 588
131 85 582
158 60 576
232 8 573
232 66 572
87 242 566
168 153 557
158 118 552
131 87 549
252 158 547
159 155 542
104 120 541
249 232 525
249 118 523
89 254 521
230 158 521
104 242 516
85 254 513
130 30 512
252 155 510
153 132 508
41 155 508
76 85 506
131 131 504
104 232 503
122 60 498
89 232 496
89 155 495
252 232 494
254 153 493
120 50 487
159 42 486
65 155 478
131 89 471
50 42 466
42 8 463
94 41 453
76 79 440
161 135 434
87 104 432
60 87 431
120 158 430
41 94 430
158 242 427
50 122 426
85 120 423
249 79 416
120 87 413
41 198 413
132 122 411
131 50 410
198 89 408
153 27 405
230 155 403
252 66 402
153 30 401
158 131 398
153 82 397
89 159 397
27 87 396
130 76 395
155 85 392
193 8 389
135 76 389
41 8 387
60 42 385
104 158 376
254 252 372
158 122 370
232 122 370
33 254 368
89 198 367
60 232 360
198 50 359
153 254 353
158 120 353
104 87 349
218 85 348
60 158 346
41 158 344
50 8 343
50 94 343
155 8 342
89 122 341
232 159 340
249 104 339
79 122 339
60 60 336
249 33 336
254 159 335
230 50 334
85 131 334
87 94 331
202 122 329
41 66 326
232 193 325
120 104 323
252 50 318
131 158 317
135 153 316
82 104 314
65 42 313
94 232 310
249 230 309
198 159 306
232 120 302
131 122 302
155 66 300
50 66 299
85 87 298
104 8 298
50 50 295
120 120 294
89 118 286
249 198 283
230 87 280
104 42 279
122 65 279
130 82 276
85 46 275
60 50 275
79 50 275
85 151 274
65 122 274
65 120 273
249 30 272
249 65 268
30 104 267
138 41 263
122 252 262
130 218 260
159 131 260
91 153 259
249 87 258
130 138 256
249 252 256
33 89 254
155 230 253
94 42 249
151 89 245
79 42 244
130 202 242
50 65 240
161 153 239
79 155 236
65 66 235
232 198 233
120 122 231
159 94 230
85 60 228
159 232 228
155 87 228
60 66 228
104 60 226
104 198 226
158 151 225
153 135 223
153 218 223
104 230 219
252 159 218
252 122 218
60 8 217
50 159 216
87 120 216
153 163 215
89 46 212
232 94 211
21 104 210
249 131 209
158 8 209
60 122 209
94 104 208
153 202 208
135 33 205
242 87 203
159 122 200
232 46 199
89 151 198
104 85 198
88 104 196
85 123 194
249 159 193
50 60 190
151 158 188
153 138 187
155 254 186
234 122 186
198 122 185
153 245 185
65 230 182
252 252 180
155 89 180
122 230 180
41 41 180
104 254 178
249 50 176
153 242 175
151 232 173
33 8 172
85 104 172
122 87 168
41 122 167
82 158 166
122 254 164
104 66 163
232 118 162
249 82 162
232 254 162
60 151 162
249 120 161
131 159 160
249 60 160
42 135 159
91 135 159
82 79 159
85 118 159
60 159 159
41 159 159
153 76 158
122 94 157
120 89 156
249 76 154
249 41 154
252 60 152
118 42 151
249 67 150
120 232 150
252 151 149
153 125 148
151 230 144
120 42 142
65 232 142
94 66 140
159 66 139
159 8 139
66 66 138
151 79 138
232 41 137
87 123 137
254 41 136
198 87 135
65 8 134
118 66 134
159 89 132
132 85 132
252 46 131
245 50 131
254 65 130
155 151 130
66 151 130
130 88 128
41 151 128
232 151 126
104 155 125
232 168 124
254 242 122
153 222 122
163 158 122
118 155 120
118 232 119
254 50 118
131 42 118
89 161 117
123 89 117
131 8 117
118 50 116
85 168 115
249 85 115
89 168 114
230 230 114
79 8 113
50 151 112
218 122 112
232 65 111
7 104 110
155 46 109
249 155 108
135 21 105
85 79 105
249 62 105
41 46 104
153 234 104
87 158 103
79 66 103
135 88 101
85 161 101
50 198 101
122 85 101
40 196 100
153 7 100
163 87 99
196 153 98
153 13 98
159 118 97
151 118 97
30 40 97
153 62 96
41 230 96
159 120 95
151 159 95
249 138 95
158 79 94
50 46 93
218 104 93
218 138 93
249 218 93
168 118 92
218 158 92
62 218 90
230 153 89
130 7 89
135 218 89
50 131 89
50 254 88
168 89 87
249 122 87
232 155 87
94 8 87
65 65 87
82 87 87
245 30 87
138 245 87
155 158 85
153 196 85
85 230 85
125 122 85
104 132 85
151 60 84
135 30 84
120 79 84
130 21 83
104 151 80
131 66 80
168 79 79
27 158 79
60 46 78
46 8 77
222 104 77
122 158 77
122 52 76
151 120 76
151 33 76
254 85 75
135 202 75
50 120 75
94 155 74
252 168 74
123 153 74
33 131 74
249 94 74
88 85 74
33 66 74
122 42 73
168 42 72
60 118 72
200 79 72
65 254 72
135 200 72
122 8 71
120 8 71
155 118 71
202 104 71
249 168 70
85 91 70
65 46 69
120 66 69
153 147 69
87 230 68
249 202 68
132 104 67
118 159 67
198 198 66
82 89 66
242 158 66
60 41 66
151 135 66
138 153 66
138 122 66
153 40 66
151 198 65
155 41 65
151 50 65
89 65 65
153 200 65
151 131 64
33 41 64
7 85 64
76 87 64
62 104 64
52 153 63
168 252 62
104 46 62
151 65 62
33 33 62
130 27 60
147 147 60
41 168 59
50 242 59
138 159 59
232 161 58
135 82 58
135 7 58
151 41 57
89 91 57
198 153 56
118 151 56
122 131 56
135 138 56
118 8 56
196 104 56
94 254 56
151 104 56
76 158 56
232 91 55
155 168 55
52 85 55
249 27 55
118 122 54
85 94 54
120 151 54
123 85 52
200 41 52
125 104 52
193 153 52
222 87 52
155 161 51
151 252 51
41 161 51
151 87 51
202 85 51
50 230 51
153 21 51
94 159 51
79 151 50
120 155 50
130 200 49
13 104 49
50 161 48
254 230 48
65 151 48
89 41 48
41 131 48
168 65 47
123 120 47
27 122 47
153 23 47
159 151 46
104 161 46
65 131 46
168 232 45
118 252 45
65 161 45
168 8 44
168 158 44
135 168 44
155 159 44
130 135 44
135 125 44
23 41 44
202 155 44
237 66 43
122 66 43
168 155 43
94 158 43
132 87 42
168 66 42
94 131 42
118 131 42
132 158 41
130 245 41
252 91 40
151 155 40
91 8 40
21 85 40
242 104 39
254 8 39
118 46 39
122 168 39
159 242 39
158 52 39
62 158 39
218 87 39
82 122 39
40 41 39
13 87 39
94 151 38
33 42 38
130 163 38
249 245 38
40 153 37
232 131 37
65 168 36
159 168 36
122 161 36
135 163 36
125 85 36
245 158 36
254 104 35
94 46 35
40 242 35
138 50 35
168 91 34
130 40 34
159 46 34
202 87 34
161 151 34
222 85 34
222 158 34
91 151 33
104 168 33
254 66 33
252 161 33
202 158 33
153 88 33
50 168 32
245 85 32
79 232 32
249 132 32
41 91 32
33 232 32
254 122 31
252 254 31
130 222 31
230 232 31
232 234 31
163 50 31
249 163 31
82 85 31
147 33 31
7 87 31
245 104 31
151 30 31
130 168 30
65 91 30
7 158 30
151 122 30
153 1 30
254 33 29
120 254 29
151 85 29
155 91 29
30 218 29
168 198 28
94 161 28
123 198 28
79 46 28
118 254 28
125 50 28
249 200 28
252 242 28
120 46 27
168 87 27
163 155 27
249 21 27
135 245 27
60 254 27
0 33 27
168 161 26
123 158 26
135 222 26
131 254 26
163 104 26
147 0 26
254 42 25
151 168 25
41 242 25
87 52 25
30 153 25
85 193 25
45 153 24
254 120 24
161 8 24
89 193 24
202 50 24
151 138 24
249 40 24
40 66 23
249 237 23
118 168 23
131 151 23
168 151 23
168 159 23
62 79 23
79 254 23
202 159 23
30 85 23
249 125 23
66 40 22
130 62 22
230 254 22
158 123 22
138 230 22
122 155 22
138 232 22
79 65 22
168 230 21
168 41 21
254 155 21
151 132 21
168 60 21
155 65 21
151 94 21
30 50 21
196 85 21
245 79 20
50 91 20
104 91 20
60 161 20
135 62 20
218 40 20
52 155 20
245 87 20
40 21 20
100 100 20
249 222 20
118 118 20
168 104 19
104 52 19
254 131 19
60 91 19
159 60 19
104 123 19
249 7 19
33 21 19
153 237 19
130 125 18
158 254 18
33 151 18
104 79 18
135 118 18
158 42 18
41 132 18
249 13 18
85 234 18
153 150 18
200 50 18
135 151 18
30 158 18
13 50 18
76 104 18
0 66 18
254 198 17
155 50 17
87 153 17
27 104 17
79 91 17
222 33 17
7 122 17
151 82 17
52 87 17
168 218 16
60 168 16
168 120 16
200 131 16
89 131 16
33 159 16
50 118 16
82 120 16
7 50 16
196 87 16
88 153 16
249 196 16
122 91 15
249 242 15
94 91 15
79 161 15
158 66 15
150 87 15
123 87 15
196 158 15
13 158 15
82 153 15
252 193 15
131 46 14
249 254 14
33 30 14
65 41 14
138 131 14
200 196 14
147 66 14
196 40 14
30 87 14
168 50 13
155 193 13
94 168 13
135 230 13
85 52 13
252 131 13
66 254 13
79 41 13
254 158 13
230 42 13
135 27 13
41 50 13
125 87 13
159 50 13
200 159 13
151 218 13
21 30 13
85 202 13
130 153 12
122 46 12
91 168 12
118 161 12
232 230 12
242 65 12
249 234 12
76 40 12
118 91 12
150 85 12
120 161 12
21 87 12
200 122 12
85 122 12
198 155 12
33 0 12
168 46 11
168 30 11
158 132 11
168 76 11
159 161 11
122 151 11
135 158 11
138 151 11
131 91 11
168 131 11
130 13 11
138 21 11
249 88 11
163 85 11
138 89 11
153 0 11
245 159 11
13 153 11
200 13 11
82 30 11
62 159 11
13 66 10
66 13 10
21 7 10
33 46 10
168 21 10
151 254 10
135 89 10
79 168 10
60 65 10
254 151 10
230 89 10
242 153 10
159 198 10
45 42 10
135 87 10
242 155 10
222 222 10
196 122 10
151 202 10
151 196 10
232 135 10
21 153 10
202 40 10
33 82 10
138 252 10
7 153 9
49 153 9
135 155 9
82 254 9
135 254 9
60 193 9
159 91 9
252 230 9
131 232 9
131 168 9
131 41 9
60 89 9
122 242 9
200 23 9
30 122 9
30 33 9
196 138 9
163 122 9
217 122 9
65 159 9
21 158 9
232 60 9
40 123 9
125 158 9
151 163 9
23 30 9
62 30 9
23 120 9
159 65 9
30 118 9
40 202 9
82 40 8
233 233 8
193 233 8
120 193 8
89 120 8
168 135 8
232 242 8
168 94 8
200 153 8
33 161 8
254 7 8
168 85 8
254 161 8
168 138 8
168 33 8
123 42 8
52 52 8
168 122 8
222 42 8
88 200 8
94 118 8
79 159 8
138 82 8
33 147 8
151 245 8
82 66 8
249 1 8
40 82 8
196 196 8
125 153 8
138 196 8
153 9 8
66 104 7
120 60 7
138 125 7
151 153 7
7 33 7
155 131 7
135 13 7
91 254 7
91 91 7
135 104 7
40 65 7
254 30 7
7 40 7
120 168 7
252 65 7
41 118 7
40 159 7
135 150 7
79 230 7
155 122 7
130 254 7
252 120 7
120 91 7
118 230 7
138 87 7
230 8 7
60 135 7
155 135 7
138 65 7
123 8 7
41 135 7
89 135 7
138 30 7
30 196 7
222 138 7
230 132 7
252 118 7
131 155 7
62 122 7
87 122 7
62 87 7
200 21 7
40 62 7
218 33 7
49 49 7
30 88 6
40 7 6
66 237 6
62 40 6
21 200 6
168 27 6
168 254 6
153 113 6
41 193 6
138 62 6
254 91 6
200 30 6
254 46 6
130 118 6
159 254 6
118 94 6
230 41 6
163 40 6
135 40 6
131 161 6
159 230 6
94 122 6
40 222 6
135 196 6
104 193 6
46 135 6
23 153 6
85 135 6
153 91 6
79 94 6
147 222 6
82 198 6
151 76 6
151 13 6
151 7 6
0 40 6
13 33 6
222 40 6
62 150 6
23 62 6
245 196 6
9 49 6
66 41 6
45 8 6
218 153 5
40 163 5
33 163 5
66 113 5
13 200 5
153 171 5
113 66 5
9 66 5
163 138 5
168 88 5
91 45 5
1 168 5
135 252 5
196 33 5
200 76 5
252 94 5
1 89 5
151 234 5
123 151 5
245 122 5
130 196 5
50 79 5
52 8 5
252 135 5
41 123 5
254 94 5
254 118 5
89 52 5
1 118 5
30 200 5
249 23 5
82 41 5
21 82 5
33 222 5
130 67 5
125 159 5
138 8 5
13 122 5
104 234 5
13 85 5
40 131 5
76 50 5
151 27 5
40 232 5
62 200 5
65 50 5
21 21 5
196 88 5
218 23 5
196 200 5
100 153 5
49 237 5
66 60 5
233 120 4
153 188 4
188 49 4
23 21 4
33 40 4
125 196 4
125 40 4
7 138 4
76 138 4
249 151 4
237 153 4
66 239 4
33 202 4
40 138 4
33 62 4
222 153 4
21 88 4
1 158 4
171 66 4
118 89 4
94 50 4
198 8 4
66 168 4
41 234 4
21 40 4
138 163 4
230 46 4
198 234 4
252 79 4
155 120 4
159 41 4
138 222 4
21 125 4
85 132 4
40 158 4
135 217 4
60 252 4
41 45 4
1 104 4
232 252 4
168 13 4
254 222 4
168 242 4
252 198 4
151 242 4
52 159 4
27 85 4
87 254 4
135 132 4
130 150 4
41 79 4
218 200 4
245 222 4
40 147 4
50 135 4
40 87 4
120 135 4
62 50 4
0 158 4
60 155 4
138 118 4
123 104 4
151 200 4
82 159 4
151 222 4
151 125 4
153 100 4
150 222 4
150 153 4
196 125 4
21 202 4
125 23 4
27 40 4
200 27 4
249 100 4
138 120 4
152 72 4
232 45 4
66 82 3
23 66 3
198 45 3
1 198 3
82 82 3
33 196 3
200 82 3
202 33 3
33 138 3
21 62 3
40 40 3
153 151 3
163 33 3
120 65 3
153 255 3
113 42 3
62 33 3
82 62 3
188 66 3
255 66 3
66 255 3
152 153 3
66 152 3
202 23 3
13 23 3
233 118 3
72 151 3
88 42 3
23 222 3
254 163 3
168 245 3
66 42 3
161 168 3
230 151 3
168 82 3
245 200 3
254 82 3
254 62 3
254 13 3
1 135 3
87 91 3
40 252 3
158 46 3
200 198 3
135 159 3
76 218 3
40 88 3
254 135 3
198 66 3
118 60 3
76 200 3
7 8 3
40 245 3
200 230 3
200 89 3
130 23 3
52 168 3
87 42 3
52 66 3
254 87 3
94 230 3
118 65 3
120 230 3
198 42 3
198 41 3
79 131 3
135 232 3
155 79 3
135 65 3
52 158 3
130 89 3
33 50 3
249 0 3
65 135 3
130 8 3
33 200 3
222 66 3
41 120 3
151 62 3
151 23 3
200 120 3
82 65 3
82 118 3
85 45 3
21 8 3
23 196 3
138 7 3
100 8 3
202 200 3
30 138 3
237 188 3
120 252 3
1 82 3
172 120 2
239 49 2
60 233 2
171 237 2
113 45 2
1 113 2
45 1 2
237 1 2
7 42 2
21 33 2
245 23 2
30 42 2
196 8 2
76 33 2
33 7 2
202 196 2
138 202 2
33 125 2
62 222 2
113 153 2
158 85 2
255 49 2
153 72 2
33 135 2
72 66 2
66 72 2
66 188 2
66 171 2
239 153 2
66 9 2
125 222 2
245 125 2
66 62 2
202 66 2
239 66 2
89 45 2
196 150 2
40 13 2
23 232 2
233 152 2
89 233 2
153 152 2
196 82 2
7 66 2
200 0 2
163 153 2
158 168 2
158 158 2
168 23 2
150 33 2
138 150 2
79 120 2
138 198 2
131 193 2
130 158 2
135 45 2
198 46 2
94 193 2
163 131 2
168 132 2
151 8 2
230 168 2
52 254 2
252 45 2
242 66 2
254 21 2
76 153 2
202 222 2
254 196 2
42 254 2
40 122 2
113 49 2
1 230 2
168 196 2
168 125 2
33 94 2
33 193 2
130 232 2
138 79 2
87 66 2
135 41 2
30 76 2
245 138 2
7 200 2
245 218 2
125 151 2
135 79 2
155 60 2
202 88 2
254 76 2
232 50 2
135 23 2
230 66 2
254 168 2
123 66 2
130 87 2
62 254 2
135 46 2
159 193 2
161 254 2
138 13 2
120 45 2
158 193 2
125 33 2
66 45 2
198 232 2
50 45 2
230 161 2
120 118 2
79 118 2
21 138 2
147 245 2
150 41 2
62 85 2
94 135 2
159 135 2
249 91 2
232 67 2
23 82 2
222 23 2
0 87 2
151 21 2
249 217 2
42 151 2
13 159 2
151 40 2
30 82 2
82 8 2
30 23 2
200 150 2
200 200 2
196 30 2
237 239 2
39 8 2
50 193 2
233 252 1
49 45 1
42 49 1
188 42 1
215 188 1
249 215 1
215 237 1
1 215 1
89 252 1
155 172 1
60 230 1
232 172 1
152 42 1
239 152 1
239 239 1
151 237 1
255 72 1
188 255 1
237 45 1
1 239 1
72 42 1
237 72 1
237 237 1
239 171 1
153 239 1
255 153 1
49 255 1
249 239 1
237 9 1
152 237 1
255 152 1
255 255 1
150 42 1
188 152 1
188 188 1
171 188 1
233 131 1
188 171 1
9 237 1
9 9 1
72 9 1
151 72 1
171 151 1
72 171 1
40 33 1
249 188 1
66 120 1
171 153 1
237 42 1
0 104 1
230 45 1
158 45 1
163 21 1
196 245 1
30 21 1
196 62 1
200 8 1
23 7 1
163 245 1
82 151 1
254 138 1
155 45 1
1 87 1
218 30 1
125 218 1
82 23 1
82 33 1
33 13 1
40 0 1
23 40 1
217 23 1
40 217 1
23 138 1
196 42 1
76 21 1
21 42 1
13 113 1
147 62 1
40 42 1
40 125 1
138 0 1
138 33 1
233 79 1
232 233 1
159 45 1
171 42 1
72 49 1
15 153 1
49 15 1
152 66 1
1 252 1
66 7 1
13 45 1
62 66 1
62 8 1
66 202 1
233 198 1
94 233 1
138 66 1
66 138 1
45 66 1
233 159 1
233 60 1
150 8 1
23 8 1
30 193 1
88 30 1
233 8 1
72 233 1
152 233 1
66 52 1
66 79 1
21 168 1
222 88 1
196 23 1
30 8 1
40 91 1
82 218 1
23 89 1
254 125 1
52 42 1
168 202 1
155 252 1
155 198 1
198 151 1
252 67 1
168 163 1
52 122 1
242 50 1
163 168 1
168 7 1
135 50 1
159 79 1
82 200 1
89 230 1
125 66 1
46 254 1
125 254 1
125 200 1
254 218 1
123 46 1
76 135 1
202 151 1
245 151 1
76 42 1
60 45 1
202 153 1
245 42 1
0 85 1
130 0 1
42 168 1
130 65 1
254 193 1
230 91 1
158 161 1
65 198 1
94 94 1
168 200 1
130 79 1
104 135 1
193 151 1
66 193 1
87 46 1
196 155 1
147 30 1
254 200 1
76 91 1
163 91 1
120 41 1
198 254 1
130 155 1
125 118 1
94 79 1
122 135 1
222 155 1
94 60 1
198 193 1
237 49 1
188 153 1
9 188 1
33 65 1
42 45 1
66 91 1
46 60 1
65 252 1
84 65 1
155 84 1
66 46 1
196 151 1
215 9 1
135 215 1
168 45 1
122 132 1
52 41 1
135 131 1
94 252 1
245 153 1
33 245 1
150 91 1
218 151 1
230 65 1
60 131 1
118 120 1
200 135 1
13 151 1
222 13 1
254 202 1
200 222 1
82 42 1
76 222 1
200 7 1
79 252 1
151 123 1
27 151 1
135 60 1
118 52 1
200 252 1
52 161 1
123 254 1
41 52 1
122 193 1
88 87 1
65 193 1
135 198 1
163 151 1
200 163 1
13 30 1
252 234 1
30 168 1
13 82 1
21 122 1
76 122 1
79 198 1
76 254 1
52 230 1
30 254 1
1 232 1
118 193 1
122 104 1
87 234 1
89 60 1
252 89 1
1 33 1
130 1 1
130 217 1
153 217 1
65 89 1
131 230 1
218 65 1
196 66 1
138 23 1
88 8 1
249 150 1
118 135 1
135 67 1
131 135 1
125 79 1
200 242 1
151 88 1
30 66 1
130 66 1
82 94 1
33 252 1
151 0 1
200 65 1
151 217 1
153 66 1
82 234 1
30 155 1
40 198 1
135 66 1
1 30 1
13 8 1
7 0 1
188 39 1
239 42 1
72 39 1
190 152 1
153 190 1
154 40 1
153 154 1
72 153 1
49 72 1
49 42 1
238 8 1
201 238 1
145 201 1
