153 104593
85 49260
89 41359
104 36755
158 36197
41 32783
79 25855
232 24561
87 24314
252 23612
50 20291
159 17389
122 14026
249 12361
8 12361
118 12305
60 10653
65 10141
155 10104
198 8207
42 8199
131 7821
230 6878
120 5722
94 5721
254 5424
66 5315
33 4340
130 3529
67 3529
151 3344
135 3283
242 2934
168 1648
46 1562
30 1481
76 1122
82 966
218 821
138 765
161 736
132 693
202 638
27 548
91 522
193 450
245 397
123 387
40 367
21 349
163 348
7 305
88 300
62 282
196 281
200 276
125 260
222 257
52 188
234 186
13 174
147 141
23 96
237 60
0 59
45 43
1 43
150 42
100 28
49 26
233 24
113 14
188 14
9 14
72 12
152 11
171 10
217 10
239 10
255 9
215 3
172 2
39 2
15 1
84 1
190 1
154 1
238 1
201 1
145 1
