101 32 31843
32 116 27230
116 104 23973
104 101 23955
100 32 21677
32 97 19561
116 32 18341
115 32 15713
105 110 13903
97 110 13430
32 115 13003
110 100 12688
32 119 12365
32 104 11718
101 114 11622
110 32 11171
114 101 10796
32 111 10556
44 32 10308
114 32 8944
121 32 8695
46 32 8649
111 117 8613
32 105 8228
104 97 8126
110 103 7815
101 100 7778
111 32 7546
32 98 7515
32 102 7019
111 114 6944
97 116 6893
101 110 6736
102 32 6603
97 115 6474
104 105 6383
111 110 6363
97 114 6261
116 111 6142
115 116 5828
108 108 5614
105 116 5604
111 102 5527
101 97 5421
32 108 5386
32 109 5339
32 99 5325
103 32 5324
101 115 5227
118 101 5151
114 111 5045
119 97 5031
105 115 5013
108 101 4887
32 100 4826
97 108 4604
109 101 4337
100 101 4325
32 110 4321
115 101 4296
108 32 4101
110 111 4002
101 101 3965
13 10 3957
111 119 3947
116 101 3911
98 101 3786
110 101 3754
117 116 3732
105 108 3696
119 101 3639
97 105 3621
97 32 3617
105 100 3543
97 100 3533
32 103 3466
104 32 3373
100 111 3312
111 109 3251
114 105 3218
104 111 3197
108 111 3173
101 108 3160
32 73 3104
32 114 3098
111 116 3044
110 116 3043
108 105 2996
102 111 2988
32 112 2965
119 105 2955
111 111 2913
101 121 2788
109 32 2784
226 128 2749
108 97 2747
103 104 2733
73 32 2672
117 114 2659
84 104 2609
117 110 2596
108 100 2575
32 101 2557
115 97 2550
105 114 2545
32 121 2433
115 104 2340
107 101 2267
108 121 2265
99 111 2234
101 116 2220
121 111 2212
32 84 2149
97 121 2136
32 117 2130
97 109 2087
119 32 2086
105 109 2063
111 100 2061
114 97 2044
116 105 2038
119 104 2033
101 109 2011
112 101 1981
109 97 1970
116 114 1945
32 66 1935
99 104 1933
114 115 1917
115 105 1901
104 116 1871
116 97 1852
117 115 1849
107 32 1841
111 108 1841
115 111 1807
114 100 1799
103 101 1779
105 103 1776
99 101 1765
99 97 1730
97 118 1722
46 13 1722
117 108 1703
101 44 1699
103 111 1696
115 44 1684
119 111 1662
100 46 1612
115 115 1610
128 153 1594
97 99 1592
32 39 1588
109 111 1584
97 103 1564
100 97 1557
32 83 1554
117 32 1547
101 46 1537
105 101 1524
32 70 1502
39 32 1473
98 111 1471
115 46 1441
100 44 1423
100 105 1422
98 117 1420
99 107 1409
114 110 1406
114 116 1392
116 115 1352
102 97 1317
110 105 1307
109 105 1300
112 97 1297
117 103 1269
59 32 1268
114 121 1268
10 39 1259
110 115 1245
103 114 1205
102 101 1174
32 71 1165
101 118 1164
100 115 1158
70 114 1147
112 32 1145
103 97 1144
102 114 1139
32 77 1130
112 111 1116
116 44 1112
32 72 1110
111 107 1107
116 46 1103
105 99 1091
111 115 1089
128 152 1080
101 105 1066
32 65 1054
102 105 1050
110 121 1036
116 116 1027
105 102 1026
117 112 1022
110 99 1008
114 46 964
39 13 953
32 107 942
101 112 941
119 110 938
98 108 935
101 102 934
115 117 917
108 102 916
114 114 898
102 116 882
111 112 879
72 101 877
66 117 864
115 112 863
110 46 853
111 118 850
32 69 840
101 99 830
114 44 829
97 107 826
32 82 826
33 32 812
110 44 810
99 108 790
105 118 787
97 98 787
32 118 780
121 101 774
112 112 772
44 39 769
99 114 769
101 119 769
121 46 766
97 119 766
98 97 762
46 39 735
116 117 725
98 114 724
32 87 716
107 105 714
98 105 704
121 44 697
97 112 690
116 108 689
110 108 687
112 105 684
112 108 677
107 110 674
112 114 646
111 97 645
73 116 645
118 105 638
153 32 631
109 121 630
100 114 629
71 97 625
114 117 622
58 32 621
109 117 617
111 105 613
111 98 608
105 111 604
114 107 603
104 114 590
115 108 587
117 99 586
108 44 582
98 121 581
83 97 580
100 100 574
110 107 570
32 226 568
103 105 568
108 115 567
82 105 566
109 46 564
39 73 550
10 226 545
117 101 541
103 115 530
102 102 523
108 118 520
65 110 518
105 107 511
109 44 507
109 112 504
98 98 498
101 103 498
10 84 494
69 108 493
102 108 492
117 100 492
108 116 490
87 101 489
117 105 488
97 102 485
110 97 485
100 108 478
87 104 467
32 76 463
97 117 461
103 46 461
115 119 457
102 117 456
105 112 453
39 115 448
116 119 441
109 98 440
114 108 439
110 110 436
103 108 432
103 44 432
113 117 428
108 107 426
111 44 415
103 117 415
111 46 413
78 111 409
153 13 408
32 68 406
117 109 405
108 46 401
115 107 395
109 115 393
100 121 391
66 105 382
116 121 370
32 106 368
114 109 367
32 78 365
32 79 363
114 99 359
99 105 358
32 113 351
32 67 346
63 32 345
121 115 343
108 98 341
119 115 339
32 80 333
46 226 331
112 116 331
99 116 325
110 39 323
104 117 321
70 111 319
108 117 316
118 97 312
77 101 309
83 116 306
44 226 305
89 111 305
83 104 301
107 44 300
77 111 299
39 116 294
39 84 294
101 120 288
104 44 286
10 65 285
33 39 284
107 115 284
84 111 284
102 46 282
115 99 280
39 87 279
99 117 275
115 109 273
108 114 272
66 97 271
105 97 269
103 103 268
114 103 268
66 111 267
101 104 265
66 114 261
101 45 261
65 114 259
112 117 253
119 44 248
116 99 244
100 103 244
72 111 242
73 110 241
33 226 238
104 46 238
111 99 237
153 115 234
107 46 234
67 111 233
118 111 231
44 13 230
32 89 228
71 111 225
112 115 224
101 33 222
80 105 222
110 226 218
121 105 217
111 103 215
83 111 212
115 59 208
153 116 207
63 39 201
117 98 198
109 109 196
32 45 195
101 59 195
77 105 194
100 117 192
106 111 188
152 73 187
65 32 186
77 97 185
114 118 185
102 44 185
45 32 182
76 101 182
71 105 181
100 59 180
39 65 178
119 46 177
117 97 176
107 108 175
65 116 173
79 110 172
63 226 169
109 108 168
115 33 168
119 108 168
68 111 166
77 114 164
114 102 164
112 44 161
76 111 160
39 66 158
82 111 156
115 110 155
114 119 155
87 105 155
72 97 155
89 101 154
100 119 154
119 114 154
104 121 153
106 117 151
10 70 149
39 89 145
73 102 145
69 110 144
32 34 143
111 101 142
105 98 139
112 46 138
152 87 136
65 108 136
66 101 136
10 72 134
71 114 132
65 115 130
103 110 129
110 45 128
45 116 128
114 112 127
99 99 127
116 33 125
72 105 125
195 179 124
101 111 124
32 40 123
108 109 121
45 115 120
83 117 119
152 84 118
107 121 117
116 59 117
114 98 116
108 112 115
10 83 115
39 72 114
122 101 113
116 63 110
105 122 110
120 112 110
114 104 109
117 44 108
68 97 108
115 58 108
114 45 107
116 39 107
10 73 107
108 45 106
39 78 105
110 33 105
101 98 105
116 45 105
110 117 105
101 58 105
121 98 104
45 119 103
70 97 102
104 115 102
69 118 101
111 33 100
97 122 100
45 98 100
121 116 99
101 63 98
76 97 96
110 59 96
121 33 95
45 108 95
117 46 94
103 116 94
114 33 93
121 119 93
120 99 93
45 102 93
108 33 92
100 110 92
100 33 92
33 13 92
100 45 92
10 66 91
114 59 91
102 45 90
10 87 90
83 101 89
71 108 88
73 115 87
98 116 87
101 39 87
100 58 87
73 39 86
79 114 85
111 121 84
100 118 84
121 59 82
179 114 82
105 32 81
122 97 81
111 39 81
121 45 81
152 89 80
97 104 77
152 65 76
110 102 76
108 195 75
34 32 74
101 107 74
104 119 73
152 66 72
116 102 72
69 97 72
10 79 72
116 58 72
39 108 71
39 83 71
115 63 70
84 105 69
195 186 69
110 118 69
70 101 69
58 13 68
103 33 67
45 104 67
45 103 67
45 101 67
87 97 66
10 97 65
10 71 65
78 105 65
100 104 65
79 102 65
115 121 64
116 226 64
109 59 63
121 58 63
120 116 63
82 97 62
66 108 62
68 119 62
45 99 62
65 102 62
104 108 62
32 75 61
79 108 61
39 97 61
111 226 60
99 32 60
110 63 59
67 97 59
110 119 59
103 45 58
120 105 58
99 115 58
10 13 58
114 63 57
76 195 56
101 226 56
110 58 56
45 100 56
41 32 56
98 32 56
98 115 56
59 13 55
152 72 55
108 59 55
80 101 54
83 105 54
121 63 53
153 108 52
87 111 52
70 105 52
103 58 51
32 85 51
119 45 51
118 121 50
108 119 50
39 68 49
73 226 49
117 102 49
67 101 49
114 39 49
45 109 49
45 112 48
85 110 48
97 46 48
104 45 48
109 33 47
152 78 47
103 59 47
109 102 46
110 104 46
10 78 46
121 97 46
121 39 46
39 79 45
39 76 45
111 63 45
119 33 45
78 101 45
114 58 45
109 63 44
39 98 44
97 44 44
109 114 43
44 34 43
104 100 42
111 59 41
75 105 41
67 104 41
82 101 41
39 70 40
77 121 40
110 120 40
100 98 40
117 39 39
39 71 39
10 116 39
68 105 39
107 33 39
100 63 39
102 115 39
111 104 39
84 114 38
45 114 38
68 195 38
106 101 38
32 13 38
105 46 37
179 105 37
104 33 37
46 34 37
103 63 37
107 45 37
80 111 37
128 156 36
79 117 36
68 101 36
109 110 36
101 13 36
66 121 36
107 119 36
10 32 36
39 77 35
128 157 35
32 49 35
108 99 34
39 118 33
39 67 33
112 121 33
32 86 33
107 111 33
34 13 32
100 102 32
40 97 32
105 120 32
100 39 32
84 101 32
152 79 31
86 101 31
78 97 31
115 13 31
10 67 31
195 161 30
152 83 30
152 68 30
45 111 30
65 109 29
107 59 29
119 59 29
122 105 29
120 101 29
74 117 29
99 121 29
114 13 28
117 226 28
102 33 28
76 105 28
10 80 28
80 114 28
39 109 28
39 100 27
115 100 27
45 66 27
115 113 27
41 44 27
34 84 27
110 13 27
109 103 26
68 114 26
109 58 26
115 39 26
45 97 26
120 32 26
112 104 26
68 117 26
110 98 26
100 13 26
10 111 25
107 102 25
65 104 25
84 97 25
104 102 25
109 45 25
41 46 25
32 74 25
83 119 24
104 59 24
79 32 24
67 114 24
83 112 24
10 77 24
195 169 24
110 195 24
81 117 23
121 226 23
110 109 23
83 109 23
110 113 23
195 187 23
121 108 23
105 44 22
39 80 22
157 32 22
83 108 22
122 122 22
100 195 22
80 97 22
65 103 22
195 171 21
169 97 21
77 117 21
108 63 21
117 63 21
152 71 21
102 59 21
115 226 21
152 77 21
108 103 21
69 114 21
45 110 21
34 73 20
63 13 20
112 33 20
110 114 20
109 39 20
115 103 20
101 41 20
82 117 20
10 104 19
32 81 19
97 120 19
119 63 19
106 97 19
114 226 19
100 109 19
107 118 19
39 114 19
112 45 19
101 113 19
45 45 18
39 69 18
108 13 18
85 112 18
119 121 18
115 45 18
10 76 18
116 110 18
153 118 18
84 119 18
186 109 18
99 44 18
115 41 18
65 98 18
186 110 18
121 109 18
119 100 18
10 119 17
86 97 17
71 101 17
109 195 17
103 119 17
45 107 17
104 63 17
121 13 17
108 39 17
39 105 17
116 109 17
10 69 17
117 33 16
116 13 16
152 76 16
72 117 16
107 104 16
10 68 16
152 67 16
103 100 16
114 41 16
107 97 16
102 39 15
107 63 15
97 45 15
10 98 15
122 108 15
102 63 15
152 70 15
152 69 15
152 97 15
104 109 15
114 195 14
75 104 14
161 105 14
39 121 14
10 105 14
70 108 14
65 119 14
79 104 14
152 98 14
80 117 14
78 195 14
98 44 14
102 121 14
83 46 14
79 116 14
195 173 13
45 118 13
10 85 13
108 58 13
111 122 13
109 226 13
45 105 13
100 41 13
71 117 13
40 111 13
120 97 13
115 102 13
49 57 13
186 116 12
73 109 12
45 39 12
101 122 12
73 44 12
153 109 12
111 120 12
100 226 12
153 114 12
99 46 12
76 117 12
103 121 12
161 114 11
186 118 11
39 86 11
112 119 11
119 117 11
73 46 11
107 58 11
98 46 11
102 58 11
110 106 11
103 13 11
171 32 10
195 162 10
187 109 10
10 102 10
83 110 10
117 122 10
67 108 10
79 118 10
69 120 10
40 104 10
152 116 10
103 39 10
65 99 10
121 110 9
69 109 9
186 114 9
39 82 9
112 107 9
105 33 9
111 58 9
10 82 9
45 122 9
121 102 9
110 112 9
152 32 9
98 118 9
112 59 9
39 110 9
84 117 9
103 109 9
40 119 9
117 111 9
116 41 9
82 46 9
46 82 9
69 121 8
34 83 8
67 105 8
34 65 8
108 110 8
75 101 8
10 110 8
117 59 8
119 116 8
152 86 8
40 116 8
99 45 8
41 59 8
40 115 8
49 52 8
40 105 8
39 44 8
97 59 7
117 118 7
34 87 7
164 114 7
195 164 7
69 195 7
107 13 7
34 97 7
39 111 7
39 102 7
98 33 7
79 99 7
97 33 7
119 107 7
119 58 7
157 13 7
108 226 7
69 115 7
32 46 7
152 105 7
104 98 7
102 226 7
39 46 7
109 41 7
104 58 7
104 195 7
105 195 6
162 114 6
122 195 6
109 100 6
79 115 6
173 114 6
69 116 6
10 34 6
39 74 6
46 46 6
112 63 6
116 112 6
79 33 6
115 195 6
156 73 6
117 58 6
66 46 6
152 80 6
41 58 6
71 32 6
122 121 6
121 41 6
32 50 6
39 112 6
65 112 6
110 41 6
49 49 6
70 117 6
98 106 6
57 51 6
76 104 5
105 39 5
97 63 5
34 89 5
122 103 5
34 70 5
32 195 5
97 101 5
39 119 5
39 99 5
45 117 5
109 13 5
75 110 5
47 32 5
152 82 5
152 13 5
153 46 5
101 106 5
103 98 5
32 51 5
80 108 5
187 114 5
105 104 5
97 106 5
101 117 5
74 111 5
116 195 4
82 195 4
71 119 4
10 117 4
147 105 4
195 147 4
65 105 4
39 75 4
187 108 4
10 89 4
104 13 4
46 115 4
46 45 4
117 121 4
152 101 4
157 44 4
34 98 4
34 78 4
73 78 4
71 73 4
65 71 4
66 65 4
40 98 4
79 87 4
69 78 4
78 79 4
65 78 4
40 109 4
153 100 4
121 104 4
102 41 4
49 51 4
49 48 4
50 46 4
119 109 4
40 102 4
39 101 4
82 65 4
52 49 4
51 57 4
116 98 4
121 195 3
171 13 3
118 195 3
171 33 3
39 85 3
69 105 3
73 97 3
98 109 3
34 72 3
34 102 3
34 77 3
34 66 3
82 104 3
34 116 3
173 32 3
73 108 3
128 154 3
179 109 3
119 102 3
98 100 3
83 195 3
80 80 3
80 83 3
34 46 3
42 32 3
119 13 3
45 121 3
106 105 3
109 116 3
10 103 3
79 105 3
10 100 3
32 53 3
108 41 3
153 99 3
10 74 3
156 84 3
156 66 3
152 226 3
152 121 3
50 13 3
116 34 3
107 41 3
112 58 3
82 69 3
83 44 3
78 71 3
79 78 3
76 79 3
78 83 3
71 71 3
65 100 3
69 76 3
152 104 3
79 100 3
78 68 3
32 47 3
111 41 3
120 45 3
99 59 3
153 44 3
40 101 3
120 104 3
49 13 3
104 39 3
32 54 3
87 114 3
50 110 3
50 50 3
65 117 3
105 113 3
40 99 3
107 98 3
40 83 3
40 66 3
49 56 3
120 44 3
39 59 3
57 32 3
121 112 3
70 46 3
73 73 3
57 52 3
107 103 3
52 13 3
105 59 2
121 117 2
169 110 2
89 195 2
173 97 2
69 103 2
89 114 2
121 114 2
162 115 2
105 63 2
162 108 2
90 105 2
32 90 2
69 100 2
34 85 2
34 82 2
187 107 2
34 39 2
34 111 2
103 195 2
187 110 2
171 97 2
34 67 2
67 195 2
10 115 2
97 13 2
10 109 2
154 100 2
39 81 2
39 45 2
100 34 2
114 106 2
101 34 2
34 104 2
34 115 2
98 59 2
79 112 2
98 39 2
69 46 2
48 13 2
45 82 2
57 13 2
32 57 2
56 13 2
32 56 2
69 104 2
55 13 2
32 55 2
121 99 2
10 81 2
54 13 2
119 226 2
53 13 2
156 72 2
156 78 2
156 83 2
111 13 2
103 41 2
67 117 2
32 52 2
152 111 2
152 119 2
156 89 2
122 111 2
32 122 2
51 13 2
152 110 2
152 74 2
156 87 2
156 71 2
157 46 2
156 98 2
103 226 2
152 75 2
152 115 2
156 103 2
153 101 2
34 44 2
99 113 2
80 82 2
79 66 2
76 69 2
73 82 2
65 67 2
66 82 2
76 73 2
82 79 2
73 76 2
83 32 2
68 79 2
84 79 2
82 68 2
100 107 2
97 58 2
79 68 2
79 79 2
71 79 2
78 84 2
67 69 2
78 67 2
79 98 2
104 226 2
85 82 2
79 85 2
10 47 2
69 69 2
152 102 2
100 106 2
105 117 2
32 32 2
73 118 2
152 99 2
49 44 2
40 114 2
73 13 2
51 32 2
86 32 2
73 86 2
55 50 2
49 55 2
50 48 2
52 48 2
50 41 2
52 50 2
115 98 2
109 119 2
49 32 2
51 52 2
79 97 2
52 46 2
119 39 2
104 41 2
115 34 2
40 108 2
46 41 2
109 104 2
120 117 2
117 120 2
111 45 2
48 41 2
49 53 2
45 87 2
107 39 2
57 49 2
52 32 2
49 46 2
57 44 2
39 104 2
51 55 2
98 13 2
69 45 2
41 13 2
53 52 2
57 53 2
40 49 2
104 110 2
39 39 1
112 34 1
86 111 1
32 44 1
112 13 1
65 121 1
112 39 1
102 119 1
34 108 1
34 100 1
161 44 1
171 46 1
186 112 1
173 115 1
98 195 1
171 59 1
161 118 1
10 118 1
171 111 1
105 45 1
10 195 1
105 13 1
161 110 1
161 109 1
179 116 1
112 102 1
99 63 1
10 99 1
95 32 1
102 95 1
33 34 1
33 45 1
42 13 1
46 42 1
85 100 1
71 104 1
99 58 1
117 107 1
85 114 1
116 103 1
53 32 1
161 108 1
179 110 1
65 120 1
10 108 1
46 98 1
70 195 1
100 116 1
47 116 1
101 47 1
73 33 1
74 97 1
51 49 1
117 104 1
65 122 1
122 44 1
58 34 1
63 104 1
10 63 1
39 117 1
79 119 1
120 46 1
74 101 1
84 195 1
72 195 1
154 97 1
83 226 1
34 110 1
34 71 1
107 114 1
122 117 1
114 122 1
114 34 1
85 116 1
61 32 1
116 61 1
63 34 1
118 114 1
59 39 1
98 226 1
73 99 1
105 119 1
69 99 1
44 42 1
49 50 1
115 114 1
79 39 1
45 75 1
51 44 1
71 51 1
71 45 1
87 33 1
84 32 1
79 84 1
76 70 1
65 76 1
68 65 1
71 65 1
56 46 1
89 44 1
78 89 1
80 79 1
67 73 1
69 32 1
72 69 1
84 72 1
72 73 1
83 72 1
78 32 1
73 84 1
66 73 1
66 66 1
72 79 1
68 44 1
70 82 1
73 63 1
44 44 1
101 42 1
121 42 1
40 110 1
119 99 1
81 115 1
80 115 1
98 63 1
76 121 1
117 41 1
107 109 1
110 122 1
45 68 1
152 117 1
45 113 1
166 13 1
128 166 1
98 119 1
112 98 1
99 33 1
156 110 1
45 73 1
112 226 1
83 107 1
173 108 1
89 97 1
45 69 1
153 59 1
48 116 1
48 50 1
40 79 1
97 226 1
104 113 1
156 109 1
156 112 1
156 102 1
156 79 1
156 65 1
156 119 1
156 107 1
152 81 1
153 58 1
152 112 1
40 117 1
34 112 1
34 226 1
100 99 1
84 44 1
83 69 1
69 83 1
76 76 1
86 73 1
75 86 1
67 75 1
83 65 1
73 65 1
66 69 1
69 44 1
68 76 1
69 71 1
85 71 1
72 85 1
153 83 1
65 226 1
67 65 1
73 67 1
71 69 1
46 44 1
46 66 1
87 83 1
82 82 1
66 85 1
77 73 1
79 82 1
78 44 1
87 78 1
89 32 1
82 89 1
69 82 1
86 69 1
75 44 1
79 75 1
68 32 1
65 82 1
76 65 1
68 69 1
65 68 1
152 109 1
69 33 1
89 69 1
66 89 1
68 45 1
87 46 1
68 46 1
84 46 1
77 69 1
69 77 1
85 78 1
78 78 1
86 117 1
82 32 1
84 33 1
69 84 1
70 69 1
100 70 1
152 100 1
104 99 1
40 112 1
107 226 1
152 114 1
78 117 1
51 41 1
51 51 1
51 48 1
56 44 1
48 51 1
54 52 1
65 46 1
46 65 1
40 70 1
50 32 1
57 50 1
53 57 1
45 49 1
48 45 1
53 46 1
10 53 1
49 41 1
48 49 1
39 113 1
10 52 1
39 103 1
54 50 1
52 54 1
73 41 1
86 44 1
51 46 1
10 51 1
34 59 1
34 99 1
48 32 1
55 48 1
48 55 1
10 50 1
55 44 1
52 55 1
54 48 1
45 54 1
56 45 1
53 56 1
55 41 1
10 49 1
78 46 1
40 73 1
83 99 1
56 32 1
112 109 1
65 70 1
52 52 1
169 111 1
52 57 1
54 32 1
51 54 1
55 59 1
45 84 1
46 84 1
74 46 1
52 41 1
10 40 1
