32 183997
101 94190
116 66116
97 61886
111 59754
110 52460
104 48974
105 44866
114 44557
115 43927
100 40084
108 33945
117 19667
119 19658
103 17556
102 17337
109 16425
121 14588
99 11908
44 11657
46 11505
98 11143
112 9568
107 6903
118 6386
39 5806
73 3990
10 3957
13 3957
84 3092
128 2749
226 2749
66 2296
83 1792
70 1715
65 1617
153 1594
45 1481
33 1428
72 1420
59 1324
71 1305
87 1236
77 1214
152 1080
69 909
82 875
63 737
58 690
78 587
76 550
79 532
68 510
89 467
67 433
113 428
120 404
106 399
80 392
195 325
122 281
34 243
179 124
41 124
40 124
85 73
75 70
186 69
86 55
49 53
74 37
156 36
157 35
161 30
81 24
169 24
187 23
171 21
57 21
52 20
51 19
50 18
173 13
48 11
162 10
55 8
53 8
164 7
47 6
56 6
54 6
147 4
42 4
154 3
90 2
95 1
61 1
166 1
